1000 46250.7 4625.07 53380 44039 10 insertionB_desempenho-10-1000.txt
1100 50235.3 5023.53 64301 48074 10 insertionB_desempenho-10-1100.txt
1200 53588.8 5358.88 56425 52446 10 insertionB_desempenho-10-1200.txt
1300 59963.8 5996.38 76329 57009 10 insertionB_desempenho-10-1300.txt
1400 62356.2 6235.62 65856 61015 10 insertionB_desempenho-10-1400.txt
1500 67559.5 6755.95 80022 65223 10 insertionB_desempenho-10-1500.txt
1600 73138.1 7313.81 83314 69140 10 insertionB_desempenho-10-1600.txt
1700 80661.7 8066.17 92512 107345 10 insertionB_desempenho-10-1700.txt
1800 88309.2 8830.92 82917 160197 10 insertionB_desempenho-10-1800.txt
1900 96163.7 9616.37 92028 105855 10 insertionB_desempenho-10-1900.txt
2000 88882.4 8888.24 96809 86345 10 insertionB_desempenho-10-2000.txt
2100 98806.4 9880.64 99870 139364 10 insertionB_desempenho-10-2100.txt
2200 99185.1 9918.51 98373 102885 10 insertionB_desempenho-10-2200.txt
2300 105642 10564.2 99842 99842 10 insertionB_desempenho-10-2300.txt
2400 111890 11189 147856 104575 10 insertionB_desempenho-10-2400.txt
2500 120190 12019 181508 107840 10 insertionB_desempenho-10-2500.txt
2600 116024 11602.4 126069 111709 10 insertionB_desempenho-10-2600.txt
2700 125233 12523.3 147397 117784 10 insertionB_desempenho-10-2700.txt
2800 154692 15469.2 345421 121921 10 insertionB_desempenho-10-2800.txt
2900 132821 13282.1 146566 125241 10 insertionB_desempenho-10-2900.txt
3000 135140 13514 150481 131200 10 insertionB_desempenho-10-3000.txt
3100 157958 15795.8 214094 134441 10 insertionB_desempenho-10-3100.txt
3200 143701 14370.1 158173 137995 10 insertionB_desempenho-10-3200.txt
3300 151512 15151.2 173783 143619 10 insertionB_desempenho-10-3300.txt
3400 152396 15239.6 163861 147519 10 insertionB_desempenho-10-3400.txt
3500 174723 17472.3 314630 152022 10 insertionB_desempenho-10-3500.txt
3600 171720 17172 212181 157846 10 insertionB_desempenho-10-3600.txt
3700 166030 16603 175364 162052 10 insertionB_desempenho-10-3700.txt
3800 172006 17200.6 183267 166268 10 insertionB_desempenho-10-3800.txt
3900 179137 17913.7 225523 170367 10 insertionB_desempenho-10-3900.txt
4000 183093 18309.3 198728 172727 10 insertionB_desempenho-10-4000.txt
4100 205220 20522 312648 179397 10 insertionB_desempenho-10-4100.txt
4200 196102 19610.2 230012 183455 10 insertionB_desempenho-10-4200.txt
4300 200595 20059.5 247851 189001 10 insertionB_desempenho-10-4300.txt
4400 230093 23009.3 511985 191027 10 insertionB_desempenho-10-4400.txt
4500 212019 21201.9 312809 196019 10 insertionB_desempenho-10-4500.txt
4600 213305 21330.5 247405 201430 10 insertionB_desempenho-10-4600.txt
4700 246986 24698.6 484445 205634 10 insertionB_desempenho-10-4700.txt
4800 227128 22712.8 299395 208467 10 insertionB_desempenho-10-4800.txt
4900 230598 23059.8 284899 213805 10 insertionB_desempenho-10-4900.txt
5000 238599 23859.9 273330 218041 10 insertionB_desempenho-10-5000.txt
5100 301412 30141.2 951136 221644 10 insertionB_desempenho-10-5100.txt
5200 245771 24577.1 328643 228354 10 insertionB_desempenho-10-5200.txt
5300 262548 26254.8 383521 231066 10 insertionB_desempenho-10-5300.txt
5400 244766 24476.6 268843 232997 10 insertionB_desempenho-10-5400.txt
5500 247129 24712.9 269960 239520 10 insertionB_desempenho-10-5500.txt
5600 265462 26546.2 357025 244741 10 insertionB_desempenho-10-5600.txt
5700 257762 25776.2 274164 249790 10 insertionB_desempenho-10-5700.txt
5800 265164 26516.4 288915 252782 10 insertionB_desempenho-10-5800.txt
5900 267941 26794.1 278707 258953 10 insertionB_desempenho-10-5900.txt
6000 272394 27239.4 296983 262692 10 insertionB_desempenho-10-6000.txt
6100 281474 28147.4 322313 268957 10 insertionB_desempenho-10-6100.txt
6200 287056 28705.6 323618 269565 10 insertionB_desempenho-10-6200.txt
6300 291804 29180.4 311946 278729 10 insertionB_desempenho-10-6300.txt
6400 298923 29892.3 378124 278079 10 insertionB_desempenho-10-6400.txt
6500 325979 32597.9 573818 285711 10 insertionB_desempenho-10-6500.txt
6600 324599 32459.9 466950 291302 10 insertionB_desempenho-10-6600.txt
6700 300236 30023.6 317188 291324 10 insertionB_desempenho-10-6700.txt
6800 312193 31219.3 349188 301178 10 insertionB_desempenho-10-6800.txt
6900 317456 31745.6 395326 300409 10 insertionB_desempenho-10-6900.txt
7000 360539 36053.9 625282 306015 10 insertionB_desempenho-10-7000.txt
7100 331617 33161.7 393930 311654 10 insertionB_desempenho-10-7100.txt
7200 337958 33795.8 437875 311936 10 insertionB_desempenho-10-7200.txt
7300 345162 34516.2 452636 315085 10 insertionB_desempenho-10-7300.txt
7400 346764 34676.4 444937 321993 10 insertionB_desempenho-10-7400.txt
7500 343620 34362 380661 332222 10 insertionB_desempenho-10-7500.txt
7600 352344 35234.4 408314 329329 10 insertionB_desempenho-10-7600.txt
7700 363855 36385.5 482780 338967 10 insertionB_desempenho-10-7700.txt
7800 373415 37341.5 422740 342778 10 insertionB_desempenho-10-7800.txt
7900 376192 37619.2 438983 345535 10 insertionB_desempenho-10-7900.txt
8000 367591 36759.1 404109 352529 10 insertionB_desempenho-10-8000.txt
8100 362863 36286.3 382981 351652 10 insertionB_desempenho-10-8100.txt
8200 402948 40294.8 602940 361218 10 insertionB_desempenho-10-8200.txt
8300 389207 38920.7 486514 366196 10 insertionB_desempenho-10-8300.txt
8400 415235 41523.5 584792 369473 10 insertionB_desempenho-10-8400.txt
8500 384469 38446.9 419461 375664 10 insertionB_desempenho-10-8500.txt
8600 403900 40390 496488 377789 10 insertionB_desempenho-10-8600.txt
8700 400376 40037.6 425985 383882 10 insertionB_desempenho-10-8700.txt
8800 410143 41014.3 523511 383085 10 insertionB_desempenho-10-8800.txt
8900 447470 44747 593971 395759 10 insertionB_desempenho-10-8900.txt
9000 431381 43138.1 500975 395046 10 insertionB_desempenho-10-9000.txt
9100 437382 43738.2 536812 397642 10 insertionB_desempenho-10-9100.txt
9200 436154 43615.4 577888 408319 10 insertionB_desempenho-10-9200.txt
9300 446824 44682.4 543071 411029 10 insertionB_desempenho-10-9300.txt
9400 513877 51387.7 555997 1120360 10 insertionB_desempenho-10-9400.txt
9500 448790 44879 541914 421466 10 insertionB_desempenho-10-9500.txt
9600 464337 46433.7 608754 427814 10 insertionB_desempenho-10-9600.txt
9700 463873 46387.3 554301 432602 10 insertionB_desempenho-10-9700.txt
9800 469848 46984.8 561087 428309 10 insertionB_desempenho-10-9800.txt
9900 470664 47066.4 592220 433744 10 insertionB_desempenho-10-9900.txt
10000 483142 48314.2 571758 442102 10 insertionB_desempenho-10-10000.txt
