1000 4.42472e+07 4424720 48862027 43222088 10 insertionW_desempenho-10-1000.txt
1250 6.9634e+07 6963400 70894002 68565376 10 insertionW_desempenho-10-1250.txt
1500 1.00482e+08 10048200 99959035 100227343 10 insertionW_desempenho-10-1500.txt
1750 1.36908e+08 13690800 138768551 135601217 10 insertionW_desempenho-10-1750.txt
2000 1.79674e+08 17967400 182012998 177141128 10 insertionW_desempenho-10-2000.txt
2250 231825866 2.31826e+07 251669227 225664316 10 insertionW_desempenho-10-2250.txt
2500 2.84096e+08 28409600 289980729 279681178 10 insertionW_desempenho-10-2500.txt
2750 3.42856e+08 34285600 346368620 338709510 10 insertionW_desempenho-10-2750.txt
3000 4.07275e+08 40727500 410137437 402362041 10 insertionW_desempenho-10-3000.txt
3250 4.80511e+08 48051100 488489025 477340620 10 insertionW_desempenho-10-3250.txt
3500 5.81379e+08 58137900 799159908 551186137 10 insertionW_desempenho-10-3500.txt
3750 6.45429e+08 64542900 660278699 637464781 10 insertionW_desempenho-10-3750.txt
4000 7.3836e+08 73836000 755593544 716505802 10 insertionW_desempenho-10-4000.txt
4250 8.2467e+08 82467000 833592487 818279347 10 insertionW_desempenho-10-4250.txt
4500 939212823 9.39213e+07 987471170 920477607 10 insertionW_desempenho-10-4500.txt
4750 1031109356 1.03111e+08 1054293174 1022771097 10 insertionW_desempenho-10-4750.txt
5000 1.14747e+09 114747000 1180654965 1132304652 10 insertionW_desempenho-10-5000.txt
5250 1263168833 1.26317e+08 1288591319 1249306319 10 insertionW_desempenho-10-5250.txt
5500 1.38987e+09 138987000 1437903848 1372301604 10 insertionW_desempenho-10-5500.txt
5750 1.51403e+09 151403000 1546298666 1505607140 10 insertionW_desempenho-10-5750.txt
6000 1.63892e+09 163892000 1649933067 1631499825 10 insertionW_desempenho-10-6000.txt
6250 1.78288e+09 178288000 1796000162 1767809056 10 insertionW_desempenho-10-6250.txt
6500 1.93603e+09 193603000 1964610606 1917397726 10 insertionW_desempenho-10-6500.txt
6750 2.08691e+09 208691000 2112517846 2071986018 10 insertionW_desempenho-10-6750.txt
7000 2.24656e+09 224656000 2328446580 2227956593 10 insertionW_desempenho-10-7000.txt
7250 2.43206e+09 243206000 2497030485 2388381370 10 insertionW_desempenho-10-7250.txt
7500 2.59463e+09 259463000 2647732271 2557539995 10 insertionW_desempenho-10-7500.txt
7750 2.78495e+09 278495000 2895208061 2744858568 10 insertionW_desempenho-10-7750.txt
8000 2929492170 292949217 2964400403 2904099523 10 insertionW_desempenho-10-8000.txt
8250 3.13724e+09 313724000 3162551503 3098510658 10 insertionW_desempenho-10-8250.txt
8500 3.32559e+09 332559000 3368498467 3292335266 10 insertionW_desempenho-10-8500.txt
8750 3.53373e+09 353373000 3623034915 3491157700 10 insertionW_desempenho-10-8750.txt
9000 3.73374e+09 373374000 3785772331 3695780099 10 insertionW_desempenho-10-9000.txt
9250 3.92761e+09 392761000 3945716643 3905637087 10 insertionW_desempenho-10-9250.txt
9500 4.15787e+09 415787000 4184504296 4130958022 10 insertionW_desempenho-10-9500.txt
9750 4.38392e+09 438392000 4443337525 4362356013 10 insertionW_desempenho-10-9750.txt
10000 4.58677e+09 458677000 4608692235 4565013901 10 insertionW_desempenho-10-10000.txt
