1000 2.37512e+07 2375120 27182559 22636545 10 insertionM_desempenho-10-1000.txt
1100 2.79766e+07 2797660 29471285 26588483 10 insertionM_desempenho-10-1100.txt
1200 3.36593e+07 3365930 35234703 32381368 10 insertionM_desempenho-10-1200.txt
1300 38759385 3.87594e+06 40091441 37061541 10 insertionM_desempenho-10-1300.txt
1400 4.50754e+07 4507540 47760167 42455402 10 insertionM_desempenho-10-1400.txt
1500 5.25723e+07 5257230 54793192 50415134 10 insertionM_desempenho-10-1500.txt
1600 59321021 5.9321e+06 60623156 56813643 10 insertionM_desempenho-10-1600.txt
1700 6.80213e+07 6802130 77968056 65261603 10 insertionM_desempenho-10-1700.txt
1800 7.54417e+07 7544170 77260107 73566807 10 insertionM_desempenho-10-1800.txt
1900 8.40122e+07 8401220 85770133 82510924 10 insertionM_desempenho-10-1900.txt
2000 9.32246e+07 9322460 98993342 90540780 10 insertionM_desempenho-10-2000.txt
2100 102684523 1.02685e+07 105558518 100328566 10 insertionM_desempenho-10-2100.txt
2200 1.13925e+08 11392500 115550192 110449264 10 insertionM_desempenho-10-2200.txt
2300 1.24548e+08 12454800 128936356 120924330 10 insertionM_desempenho-10-2300.txt
2400 1.33912e+08 13391200 137496345 128687984 10 insertionM_desempenho-10-2400.txt
2500 1.4577e+08 14577000 148836416 142826239 10 insertionM_desempenho-10-2500.txt
2600 1.56443e+08 15644300 159289241 152708316 10 insertionM_desempenho-10-2600.txt
2700 1.6846e+08 16846000 174048214 164663142 10 insertionM_desempenho-10-2700.txt
2800 1.82492e+08 18249200 186999359 177195344 10 insertionM_desempenho-10-2800.txt
2900 1.96598e+08 19659800 199019318 193603286 10 insertionM_desempenho-10-2900.txt
3000 2.07455e+08 20745500 213777760 203657001 10 insertionM_desempenho-10-3000.txt
3100 2.25255e+08 22525500 230816358 217499034 10 insertionM_desempenho-10-3100.txt
3200 2.37304e+08 23730400 242918034 231893418 10 insertionM_desempenho-10-3200.txt
3300 2.532e+08 25320000 258933394 249165549 10 insertionM_desempenho-10-3300.txt
3400 2.67933e+08 26793300 271922665 262875687 10 insertionM_desempenho-10-3400.txt
3500 2.86559e+08 28655900 291838557 279830267 10 insertionM_desempenho-10-3500.txt
3600 3.06041e+08 30604100 325827565 294597445 10 insertionM_desempenho-10-3600.txt
3700 3.19649e+08 31964900 324663736 314549342 10 insertionM_desempenho-10-3700.txt
3800 3.38082e+08 33808200 349083314 327773491 10 insertionM_desempenho-10-3800.txt
3900 3.52031e+08 35203100 359036559 347005013 10 insertionM_desempenho-10-3900.txt
4000 3.74666e+08 37466600 376944950 370226090 10 insertionM_desempenho-10-4000.txt
4100 3.92549e+08 39254900 397497735 386745688 10 insertionM_desempenho-10-4100.txt
4200 4.11451e+08 41145100 430568754 401352444 10 insertionM_desempenho-10-4200.txt
4300 4.34614e+08 43461400 449549105 427147312 10 insertionM_desempenho-10-4300.txt
4400 4.48381e+08 44838100 454562781 442781225 10 insertionM_desempenho-10-4400.txt
4500 4.7461e+08 47461000 479418085 468912441 10 insertionM_desempenho-10-4500.txt
4600 5.01202e+08 50120200 521360967 491850582 10 insertionM_desempenho-10-4600.txt
4700 5.20072e+08 52007200 537207827 510841980 10 insertionM_desempenho-10-4700.txt
4800 5.37762e+08 53776200 548886653 531238241 10 insertionM_desempenho-10-4800.txt
4900 5.61678e+08 56167800 570633630 545228844 10 insertionM_desempenho-10-4900.txt
5000 5.86558e+08 58655800 594712542 573235146 10 insertionM_desempenho-10-5000.txt
5100 6.07592e+08 60759200 615790789 599601106 10 insertionM_desempenho-10-5100.txt
5200 6.2607e+08 62607000 639658396 610038015 10 insertionM_desempenho-10-5200.txt
5300 6.5151e+08 65151000 658100525 645181689 10 insertionM_desempenho-10-5300.txt
5400 6.79595e+08 67959500 688737827 672434155 10 insertionM_desempenho-10-5400.txt
5500 7.0193e+08 70193000 714597750 692039135 10 insertionM_desempenho-10-5500.txt
5600 7.30536e+08 73053600 741558339 717330352 10 insertionM_desempenho-10-5600.txt
5700 7.66571e+08 76657100 778594932 748010081 10 insertionM_desempenho-10-5700.txt
5800 7.85692e+08 78569200 826079082 768349712 10 insertionM_desempenho-10-5800.txt
5900 8.1732e+08 81732000 826987792 804669507 10 insertionM_desempenho-10-5900.txt
6000 8.46162e+08 84616200 885391139 830602913 10 insertionM_desempenho-10-6000.txt
6100 8.73253e+08 87325300 893920886 857582106 10 insertionM_desempenho-10-6100.txt
6200 9.05358e+08 90535800 962249213 874277269 10 insertionM_desempenho-10-6200.txt
6300 9.2922e+08 92922000 947238288 920288273 10 insertionM_desempenho-10-6300.txt
6400 9.64306e+08 96430600 985031644 953965975 10 insertionM_desempenho-10-6400.txt
6500 9.89024e+08 98902400 994130552 1002483772 10 insertionM_desempenho-10-6500.txt
6600 1.01953e+09 101953000 1033982399 1000060042 10 insertionM_desempenho-10-6600.txt
6700 1072012635 1.07201e+08 1163069522 1035470167 10 insertionM_desempenho-10-6700.txt
6800 1.07879e+09 107879000 1092942119 1069669788 10 insertionM_desempenho-10-6800.txt
6900 1116940206 1.11694e+08 1152105390 1095099358 10 insertionM_desempenho-10-6900.txt
7000 1.14647e+09 114647000 1167468043 1125101534 10 insertionM_desempenho-10-7000.txt
7100 1.18968e+09 118968000 1219957249 1178222910 10 insertionM_desempenho-10-7100.txt
7200 1.22433e+09 122433000 1236873905 1209698302 10 insertionM_desempenho-10-7200.txt
7300 1.26394e+09 126394000 1334132019 1239937829 10 insertionM_desempenho-10-7300.txt
7400 1.33497e+09 133497000 1539890335 1274607314 10 insertionM_desempenho-10-7400.txt
7500 1.3232e+09 132320000 1372638331 1296005408 10 insertionM_desempenho-10-7500.txt
7600 1.37136e+09 137136000 1397868390 1343913161 10 insertionM_desempenho-10-7600.txt
7700 1.43289e+09 143289000 1568072907 1377890317 10 insertionM_desempenho-10-7700.txt
7800 1.43048e+09 143048000 1462179043 1409998073 10 insertionM_desempenho-10-7800.txt
7900 1583745279 1.58375e+08 1708694501 1463471908 10 insertionM_desempenho-10-7900.txt
8000 1.53149e+09 153149000 1622518663 1465015580 10 insertionM_desempenho-10-8000.txt
8100 1.62462e+09 162462000 2062321238 1483856608 10 insertionM_desempenho-10-8100.txt
8200 1570889757 1.57089e+08 1621000527 1525886886 10 insertionM_desempenho-10-8200.txt
8300 1.60668e+09 160668000 1630034854 1580247100 10 insertionM_desempenho-10-8300.txt
8400 1.64723e+09 164723000 1695430403 1624218654 10 insertionM_desempenho-10-8400.txt
8500 1.6966e+09 169660000 1716134339 1665832313 10 insertionM_desempenho-10-8500.txt
8600 1.75069e+09 175069000 1862178290 1717699906 10 insertionM_desempenho-10-8600.txt
8700 1.77833e+09 177833000 1803795540 1749084721 10 insertionM_desempenho-10-8700.txt
8800 1.82104e+09 182104000 1851672282 1778343011 10 insertionM_desempenho-10-8800.txt
8900 1.86453e+09 186453000 1882948708 1849857816 10 insertionM_desempenho-10-8900.txt
9000 1.90311e+09 190311000 1968909037 1865814706 10 insertionM_desempenho-10-9000.txt
9100 1.93895e+09 193895000 1983315293 1903682233 10 insertionM_desempenho-10-9100.txt
9200 1.98926e+09 198926000 2009043282 1969345970 10 insertionM_desempenho-10-9200.txt
9300 2030624198 2.03062e+08 2048488850 2002147943 10 insertionM_desempenho-10-9300.txt
9400 2.08099e+09 208099000 2110546431 2040974623 10 insertionM_desempenho-10-9400.txt
9500 2.11381e+09 211381000 2142656551 2089230026 10 insertionM_desempenho-10-9500.txt
9600 2.17908e+09 217908000 2241573996 2134592480 10 insertionM_desempenho-10-9600.txt
9700 2.19804e+09 219804000 2223094535 2165357046 10 insertionM_desempenho-10-9700.txt
9800 2.2548e+09 225480000 2266832030 2236416696 10 insertionM_desempenho-10-9800.txt
9900 2.30595e+09 230595000 2332409338 2274797141 10 insertionM_desempenho-10-9900.txt
10000 2.35708e+09 235708000 2382918549 2339880249 10 insertionM_desempenho-10-10000.txt
