1000 1.3522e+06 135220 1395516 1322989 10 merge_desempenho-10-1000.txt
1100 1.56438e+06 156438 1699627 1471767 10 merge_desempenho-10-1100.txt
1200 1.69105e+06 169105 1802241 1620665 10 merge_desempenho-10-1200.txt
1300 1.89558e+06 189558 2254406 1761190 10 merge_desempenho-10-1300.txt
1400 2.02397e+06 202397 2452885 1938887 10 merge_desempenho-10-1400.txt
1500 2.20873e+06 220873 2686286 2065962 10 merge_desempenho-10-1500.txt
1600 2.2776e+06 227760 2400410 2200767 10 merge_desempenho-10-1600.txt
1700 2.47046e+06 247046 2673240 2344062 10 merge_desempenho-10-1700.txt
1800 2.60175e+06 260175 2787272 2504573 10 merge_desempenho-10-1800.txt
1900 2.75536e+06 275536 2944380 2615111 10 merge_desempenho-10-1900.txt
2000 2.96013e+06 296013 3354672 2807933 10 merge_desempenho-10-2000.txt
2100 3.06648e+06 306648 3172042 2967656 10 merge_desempenho-10-2100.txt
2200 3318305 331830 3636277 3137280 10 merge_desempenho-10-2200.txt
2300 3.41843e+06 341843 3777513 3287475 10 merge_desempenho-10-2300.txt
2400 3.80756e+06 380756 4858900 3447021 10 merge_desempenho-10-2400.txt
2500 3.80662e+06 380662 4037094 3617015 10 merge_desempenho-10-2500.txt
2600 3.91126e+06 391126 4132670 3787478 10 merge_desempenho-10-2600.txt
2700 4.433e+06 443300 7260850 3956142 10 merge_desempenho-10-2700.txt
2800 4.22088e+06 422088 4490594 4102196 10 merge_desempenho-10-2800.txt
2900 4.34973e+06 434973 4585062 4247895 10 merge_desempenho-10-2900.txt
3000 4.5946e+06 459460 4970280 4403758 10 merge_desempenho-10-3000.txt
3100 4.74966e+06 474966 5041079 4564355 10 merge_desempenho-10-3100.txt
3200 4.90512e+06 490512 5421400 4741179 10 merge_desempenho-10-3200.txt
3300 5.13688e+06 513688 5361230 4991422 10 merge_desempenho-10-3300.txt
3400 5.46044e+06 546044 6232256 5156227 10 merge_desempenho-10-3400.txt
3500 5.53739e+06 553739 5850761 5263993 10 merge_desempenho-10-3500.txt
3600 5.58518e+06 558518 6171651 5372453 10 merge_desempenho-10-3600.txt
3700 5710948 571095 6054373 5517174 10 merge_desempenho-10-3700.txt
3800 6.00463e+06 600463 6828396 5674158 10 merge_desempenho-10-3800.txt
3900 6.09772e+06 609772 6385064 5953095 10 merge_desempenho-10-3900.txt
4000 6.13541e+06 613541 6216296 6041626 10 merge_desempenho-10-4000.txt
4100 6.44988e+06 644988 7318174 6212850 10 merge_desempenho-10-4100.txt
4200 6.60252e+06 660252 6986456 6372969 10 merge_desempenho-10-4200.txt
4300 6862349 686235 7103631 6542845 10 merge_desempenho-10-4300.txt
4400 6.95402e+06 695402 7449471 6665966 10 merge_desempenho-10-4400.txt
4500 7309709 730971 7800371 7013143 10 merge_desempenho-10-4500.txt
4600 7.289e+06 728900 7761673 7012640 10 merge_desempenho-10-4600.txt
4700 7.54757e+06 754757 7910099 7232649 10 merge_desempenho-10-4700.txt
4800 7931282 793128 9524627 7439258 10 merge_desempenho-10-4800.txt
4900 7.99089e+06 799089 8733729 7514588 10 merge_desempenho-10-4900.txt
5000 8.22504e+06 822504 8572265 7799112 10 merge_desempenho-10-5000.txt
5100 8.23868e+06 823868 8656070 7979495 10 merge_desempenho-10-5100.txt
5200 8.56073e+06 856073 8985421 8221256 10 merge_desempenho-10-5200.txt
5300 8.68824e+06 868824 9464201 8213856 10 merge_desempenho-10-5300.txt
5400 8.88474e+06 888474 9835647 8409097 10 merge_desempenho-10-5400.txt
5500 8.99542e+06 899542 9752253 8677669 10 merge_desempenho-10-5500.txt
5600 9.22308e+06 922308 9790186 8900354 10 merge_desempenho-10-5600.txt
5700 9312021 931202 9495436 10282475 10 merge_desempenho-10-5700.txt
5800 9.57487e+06 957487 9854126 11227109 10 merge_desempenho-10-5800.txt
5900 1.01027e+07 1010270 9887650 10060101 10 merge_desempenho-10-5900.txt
6000 9.97033e+06 997033 9924371 10204152 10 merge_desempenho-10-6000.txt
6100 1.01109e+07 1011090 9993026 9660000 10 merge_desempenho-10-6100.txt
6200 1.05122e+07 1051220 9963616 9963616 10 merge_desempenho-10-6200.txt
6300 10305608 1.03056e+06 10651304 10048798 10 merge_desempenho-10-6300.txt
6400 1.05035e+07 1050350 10930749 10187189 10 merge_desempenho-10-6400.txt
6500 1.08271e+07 1082710 11805659 10319504 10 merge_desempenho-10-6500.txt
6600 11020438 1.10204e+06 12115863 10527623 10 merge_desempenho-10-6600.txt
6700 1.11471e+07 1114710 12916340 10655581 10 merge_desempenho-10-6700.txt
6800 1.15102e+07 1151020 13068734 10787230 10 merge_desempenho-10-6800.txt
6900 1.15748e+07 1157480 13994526 11122166 10 merge_desempenho-10-6900.txt
7000 1.17236e+07 1172360 12572413 11275254 10 merge_desempenho-10-7000.txt
7100 1.17852e+07 1178520 12035384 11384512 10 merge_desempenho-10-7100.txt
7200 1.21148e+07 1211480 13022590 11783945 10 merge_desempenho-10-7200.txt
7300 1.20188e+07 1201880 12650989 11640099 10 merge_desempenho-10-7300.txt
7400 1.23634e+07 1236340 13071018 11869729 10 merge_desempenho-10-7400.txt
7500 1.24165e+07 1241650 12916301 12009134 10 merge_desempenho-10-7500.txt
7600 1.25973e+07 1259730 12801782 12241272 10 merge_desempenho-10-7600.txt
7700 1.28281e+07 1282810 13708335 12430489 10 merge_desempenho-10-7700.txt
7800 1.29997e+07 1299970 13863315 12598917 10 merge_desempenho-10-7800.txt
7900 1.32124e+07 1321240 13536036 12783535 10 merge_desempenho-10-7900.txt
8000 13365528 1.33655e+06 14068793 12938964 10 merge_desempenho-10-8000.txt
8100 1.35334e+07 1353340 14232984 13160596 10 merge_desempenho-10-8100.txt
8200 1.36815e+07 1368150 13942705 13379951 10 merge_desempenho-10-8200.txt
8300 1.39394e+07 1393940 14426516 13399184 10 merge_desempenho-10-8300.txt
8400 1.41962e+07 1419620 16845033 13642449 10 merge_desempenho-10-8400.txt
8500 1.44333e+07 1443330 15411045 13885372 10 merge_desempenho-10-8500.txt
8600 1.4692e+07 1469200 16876430 14092965 10 merge_desempenho-10-8600.txt
8700 1.45657e+07 1456570 14938590 14290255 10 merge_desempenho-10-8700.txt
8800 1.46248e+07 1462480 15025039 14257181 10 merge_desempenho-10-8800.txt
8900 1.49972e+07 1499720 15783304 14720787 10 merge_desempenho-10-8900.txt
9000 15118099 1.51181e+06 15669878 14675118 10 merge_desempenho-10-9000.txt
9100 1.57191e+07 1571910 17401859 14728558 10 merge_desempenho-10-9100.txt
9200 1.54638e+07 1546380 16134814 15054893 10 merge_desempenho-10-9200.txt
9300 1.60245e+07 1602450 19233904 15457201 10 merge_desempenho-10-9300.txt
9400 1.59717e+07 1597170 17065441 15551235 10 merge_desempenho-10-9400.txt
9500 1.61355e+07 1613550 17016312 15614176 10 merge_desempenho-10-9500.txt
9600 1.63652e+07 1636520 16987656 15768375 10 merge_desempenho-10-9600.txt
9700 1.642e+07 1642000 17102948 16109683 10 merge_desempenho-10-9700.txt
9800 1.65972e+07 1659720 17279070 16133404 10 merge_desempenho-10-9800.txt
9900 1.68198e+07 1681980 18374027 16366656 10 merge_desempenho-10-9900.txt
10000 1.70579e+07 1705790 17562900 16581062 10 merge_desempenho-10-10000.txt
