1000 14545282 1.45453e+06 15817818 14066011 10 selection_desempenho-10-1000.txt
1100 1.78548e+07 1785480 18643051 16893101 10 selection_desempenho-10-1100.txt
1200 2.07175e+07 2071750 21459809 19919799 10 selection_desempenho-10-1200.txt
1300 2.42703e+07 2427030 26437403 23412332 10 selection_desempenho-10-1300.txt
1400 2.88069e+07 2880690 31201981 27570457 10 selection_desempenho-10-1400.txt
1500 3.23492e+07 3234920 36182840 31370887 10 selection_desempenho-10-1500.txt
1600 3.67642e+07 3676420 38418719 35867783 10 selection_desempenho-10-1600.txt
1700 4.15016e+07 4150160 42849772 40546998 10 selection_desempenho-10-1700.txt
1800 4.84156e+07 4841560 63105155 45844882 10 selection_desempenho-10-1800.txt
1900 5.51154e+07 5511540 86531184 50093123 10 selection_desempenho-10-1900.txt
2000 5.75196e+07 5751960 60231982 56349970 10 selection_desempenho-10-2000.txt
2100 6.39661e+07 6396610 65986560 62618491 10 selection_desempenho-10-2100.txt
2200 69691430 6969143 71815538 68372329 10 selection_desempenho-10-2200.txt
2300 7.60505e+07 7605050 79726279 74254574 10 selection_desempenho-10-2300.txt
2400 8.29529e+07 8295290 84633419 81658647 10 selection_desempenho-10-2400.txt
2500 8.97911e+07 8979110 94175085 87018300 10 selection_desempenho-10-2500.txt
2600 97513780 9751378 99503172 103552376 10 selection_desempenho-10-2600.txt
2700 1.03971e+08 10397100 106375785 102173645 10 selection_desempenho-10-2700.txt
2800 112833394 1.12833e+07 114770572 110776305 10 selection_desempenho-10-2800.txt
2900 1.19975e+08 11997500 122492635 117462724 10 selection_desempenho-10-2900.txt
3000 1.29163e+08 12916300 130694220 127178167 10 selection_desempenho-10-3000.txt
3100 1.37923e+08 13792300 142543182 136350406 10 selection_desempenho-10-3100.txt
3200 1.484e+08 14840000 151177120 144478141 10 selection_desempenho-10-3200.txt
3300 1.57158e+08 15715800 160976378 154119615 10 selection_desempenho-10-3300.txt
3400 1.71409e+08 17140900 209918717 161553347 10 selection_desempenho-10-3400.txt
3500 1.74931e+08 17493100 178849718 173183190 10 selection_desempenho-10-3500.txt
3600 1.86785e+08 18678500 202461040 182539266 10 selection_desempenho-10-3600.txt
3700 1.95423e+08 19542300 200559102 191899855 10 selection_desempenho-10-3700.txt
3800 2.06641e+08 20664100 208258358 205010027 10 selection_desempenho-10-3800.txt
3900 2.18127e+08 21812700 221521477 214903672 10 selection_desempenho-10-3900.txt
4000 2.30357e+08 23035700 239540538 225969039 10 selection_desempenho-10-4000.txt
4100 2.40708e+08 24070800 244356187 237998443 10 selection_desempenho-10-4100.txt
4200 2.5644e+08 25644000 284577633 249784687 10 selection_desempenho-10-4200.txt
4300 2.66591e+08 26659100 282908738 260999589 10 selection_desempenho-10-4300.txt
4400 2.78998e+08 27899800 284717540 274770787 10 selection_desempenho-10-4400.txt
4500 2.94556e+08 29455600 305621921 287536845 10 selection_desempenho-10-4500.txt
4600 3.0533e+08 30533000 315146640 297064689 10 selection_desempenho-10-4600.txt
4700 3.18118e+08 31811800 323689458 310984455 10 selection_desempenho-10-4700.txt
4800 3.30687e+08 33068700 334373378 326407208 10 selection_desempenho-10-4800.txt
4900 344380742 3.44381e+07 348668033 340835288 10 selection_desempenho-10-4900.txt
5000 3.59492e+08 35949200 366815842 354780361 10 selection_desempenho-10-5000.txt
5100 3.74894e+08 37489400 382872496 369998225 10 selection_desempenho-10-5100.txt
5200 3.88314e+08 38831400 399342319 383288992 10 selection_desempenho-10-5200.txt
5300 4.00627e+08 40062700 406016410 396942544 10 selection_desempenho-10-5300.txt
5400 4.17655e+08 41765500 421778705 409900100 10 selection_desempenho-10-5400.txt
5500 4.35715e+08 43571500 443749667 428163125 10 selection_desempenho-10-5500.txt
5600 4.51515e+08 45151500 458990329 442358885 10 selection_desempenho-10-5600.txt
5700 465213822 4.65214e+07 473326264 458388569 10 selection_desempenho-10-5700.txt
5800 4.83398e+08 48339800 488871876 475601985 10 selection_desempenho-10-5800.txt
5900 4.97278e+08 49727800 503371453 490637133 10 selection_desempenho-10-5900.txt
6000 5.16335e+08 51633500 526515388 510401399 10 selection_desempenho-10-6000.txt
6100 5.34829e+08 53482900 559263125 526472215 10 selection_desempenho-10-6100.txt
6200 5.52395e+08 55239500 560895759 543319497 10 selection_desempenho-10-6200.txt
6300 5.71713e+08 57171300 585163774 563741574 10 selection_desempenho-10-6300.txt
6400 5.84326e+08 58432600 594265336 578148689 10 selection_desempenho-10-6400.txt
6500 6.04121e+08 60412100 617224589 593736029 10 selection_desempenho-10-6500.txt
6600 6.26815e+08 62681500 648186737 618341902 10 selection_desempenho-10-6600.txt
6700 6.44276e+08 64427600 661101698 635693406 10 selection_desempenho-10-6700.txt
6800 6.61796e+08 66179600 672232760 651704542 10 selection_desempenho-10-6800.txt
6900 6.79462e+08 67946200 687473444 671540104 10 selection_desempenho-10-6900.txt
7000 7.05798e+08 70579800 729976885 694006339 10 selection_desempenho-10-7000.txt
7100 7.22269e+08 72226900 726729494 717093308 10 selection_desempenho-10-7100.txt
7200 7.45855e+08 74585500 751732423 740131138 10 selection_desempenho-10-7200.txt
7300 7.64516e+08 76451600 778554787 754842919 10 selection_desempenho-10-7300.txt
7400 7.86481e+08 78648100 803951265 775771796 10 selection_desempenho-10-7400.txt
7500 8.09693e+08 80969300 836211674 795750021 10 selection_desempenho-10-7500.txt
7600 8.26267e+08 82626700 835250895 815563349 10 selection_desempenho-10-7600.txt
7700 8.57137e+08 85713700 863301995 848459614 10 selection_desempenho-10-7700.txt
7800 8.79777e+08 87977700 956205964 867579799 10 selection_desempenho-10-7800.txt
7900 901813798 9.01814e+07 940948366 887959016 10 selection_desempenho-10-7900.txt
8000 9.25283e+08 92528300 954753245 909746330 10 selection_desempenho-10-8000.txt
8100 9.46322e+08 94632200 956526834 935554600 10 selection_desempenho-10-8100.txt
8200 965563521 9.65564e+07 973129117 960201165 10 selection_desempenho-10-8200.txt
8300 9.98748e+08 99874800 999008548 1000885447 10 selection_desempenho-10-8300.txt
8400 1.01747e+09 101747000 994339625 994339625 10 selection_desempenho-10-8400.txt
8500 1.04842e+09 104842000 1073446937 1032705025 10 selection_desempenho-10-8500.txt
8600 1.06838e+09 106838000 1110326439 1054305165 10 selection_desempenho-10-8600.txt
8700 1.09112e+09 109112000 1102645346 1078348085 10 selection_desempenho-10-8700.txt
8800 1.10839e+09 110839000 1118238048 1100961760 10 selection_desempenho-10-8800.txt
8900 1.14374e+09 114374000 1157546839 1134502757 10 selection_desempenho-10-8900.txt
9000 1.1655e+09 116550000 1177794701 1149707284 10 selection_desempenho-10-9000.txt
9100 1.19655e+09 119655000 1215529505 1184327301 10 selection_desempenho-10-9100.txt
9200 1.22083e+09 122083000 1233979564 1210988041 10 selection_desempenho-10-9200.txt
9300 1.24039e+09 124039000 1248923099 1229491141 10 selection_desempenho-10-9300.txt
9400 1.27064e+09 127064000 1288697861 1263934480 10 selection_desempenho-10-9400.txt
9500 1.29909e+09 129909000 1314701190 1287547220 10 selection_desempenho-10-9500.txt
9600 1.33374e+09 133374000 1412549566 1311530013 10 selection_desempenho-10-9600.txt
9700 1.36363e+09 136363000 1423009777 1345720641 10 selection_desempenho-10-9700.txt
9800 1.37969e+09 137969000 1387654980 1372468706 10 selection_desempenho-10-9800.txt
9900 1.41416e+09 141416000 1435398256 1403766110 10 selection_desempenho-10-9900.txt
10000 1.44076e+09 144076000 1468772518 1424007761 10 selection_desempenho-10-10000.txt
