1000 306860 30686 484736 267539 10 distribution_desempenho-10-1000.txt
1100 316023 31602.3 368134 297377 10 distribution_desempenho-10-1100.txt
1200 334833 33483.3 383068 323701 10 distribution_desempenho-10-1200.txt
1300 376660 37666 480425 347035 10 distribution_desempenho-10-1300.txt
1400 452625 45262.5 760173 375424 10 distribution_desempenho-10-1400.txt
1500 429543 42954.3 516720 396955 10 distribution_desempenho-10-1500.txt
1600 449403 44940.3 473440 425651 10 distribution_desempenho-10-1600.txt
1700 460508 46050.8 474166 453500 10 distribution_desempenho-10-1700.txt
1800 533023 53302.3 847195 478469 10 distribution_desempenho-10-1800.txt
1900 562548 56254.8 793028 509735 10 distribution_desempenho-10-1900.txt
2000 550518 55051.8 578247 533231 10 distribution_desempenho-10-2000.txt
2100 624409 62440.9 617348 1001538 10 distribution_desempenho-10-2100.txt
2200 626915 62691.5 868927 585238 10 distribution_desempenho-10-2200.txt
2300 626117 62611.7 665351 607655 10 distribution_desempenho-10-2300.txt
2400 698078 69807.8 809398 634261 10 distribution_desempenho-10-2400.txt
2500 717251 71725.1 799765 668997 10 distribution_desempenho-10-2500.txt
2600 737793 73779.3 849237 694700 10 distribution_desempenho-10-2600.txt
2700 807885 80788.5 914836 1064041 10 distribution_desempenho-10-2700.txt
2800 831253 83125.3 873877 1044822 10 distribution_desempenho-10-2800.txt
2900 884868 88486.8 902159 1466039 10 distribution_desempenho-10-2900.txt
3000 874276 87427.6 879010 1214335 10 distribution_desempenho-10-3000.txt
3100 948507 94850.7 935126 841546 10 distribution_desempenho-10-3100.txt
3200 901254 90125.4 931637 1001225 10 distribution_desempenho-10-3200.txt
3300 954169 95416.9 965444 1228220 10 distribution_desempenho-10-3300.txt
3400 995729 99572.9 974121 1000449 10 distribution_desempenho-10-3400.txt
3500 1.03243e+06 103243 988276 1040545 10 distribution_desempenho-10-3500.txt
3600 1.06502e+06 106502 998171 1016581 10 distribution_desempenho-10-3600.txt
3700 1.05411e+06 105411 1181931 1009369 10 distribution_desempenho-10-3700.txt
3800 1.0981e+06 109810 1179334 1051875 10 distribution_desempenho-10-3800.txt
3900 1.12591e+06 112591 1225458 1066407 10 distribution_desempenho-10-3900.txt
4000 1.16397e+06 116397 1315626 1090482 10 distribution_desempenho-10-4000.txt
4100 1.21368e+06 121368 1428361 1115031 10 distribution_desempenho-10-4100.txt
4200 1.2394e+06 123940 1348782 1158696 10 distribution_desempenho-10-4200.txt
4300 1.29627e+06 129627 1596475 1165767 10 distribution_desempenho-10-4300.txt
4400 1340793 134079 1549241 1204815 10 distribution_desempenho-10-4400.txt
4500 1.27544e+06 127544 1327469 1234970 10 distribution_desempenho-10-4500.txt
4600 1.32781e+06 132781 1500374 1252881 10 distribution_desempenho-10-4600.txt
4700 1.38788e+06 138788 1498469 1289672 10 distribution_desempenho-10-4700.txt
4800 1.43086e+06 143086 1642336 1325079 10 distribution_desempenho-10-4800.txt
4900 1.43473e+06 143473 1886841 1339375 10 distribution_desempenho-10-4900.txt
5000 1.46737e+06 146737 1737884 1371363 10 distribution_desempenho-10-5000.txt
5100 1442631 144263 1541458 1391331 10 distribution_desempenho-10-5100.txt
5200 1.55853e+06 155853 1632470 1461635 10 distribution_desempenho-10-5200.txt
5300 1.5621e+06 156210 1932700 1464463 10 distribution_desempenho-10-5300.txt
5400 1.55213e+06 155213 1756068 1488480 10 distribution_desempenho-10-5400.txt
5500 1.62533e+06 162533 1836411 1527604 10 distribution_desempenho-10-5500.txt
5600 1.74521e+06 174521 2064987 1570652 10 distribution_desempenho-10-5600.txt
5700 1.67576e+06 167576 1956930 1569937 10 distribution_desempenho-10-5700.txt
5800 1.73121e+06 173121 1968631 1608614 10 distribution_desempenho-10-5800.txt
5900 1.7585e+06 175850 1830234 1677553 10 distribution_desempenho-10-5900.txt
6000 1.80405e+06 180405 2174642 1677041 10 distribution_desempenho-10-6000.txt
6100 1.85651e+06 185651 2304620 1684850 10 distribution_desempenho-10-6100.txt
6200 1.81841e+06 181841 2102588 1732037 10 distribution_desempenho-10-6200.txt
6300 1.81278e+06 181278 1965112 1743199 10 distribution_desempenho-10-6300.txt
6400 1.98237e+06 198237 2458625 1768368 10 distribution_desempenho-10-6400.txt
6500 1.91814e+06 191814 2228679 1820934 10 distribution_desempenho-10-6500.txt
6600 1979440 197944 2588115 1817397 10 distribution_desempenho-10-6600.txt
6700 2.07972e+06 207972 2441908 1856358 10 distribution_desempenho-10-6700.txt
6800 2019541 201954 2413821 1897074 10 distribution_desempenho-10-6800.txt
6900 2.0959e+06 209590 2822983 1917119 10 distribution_desempenho-10-6900.txt
7000 2.0761e+06 207610 2284335 1961014 10 distribution_desempenho-10-7000.txt
7100 2.11794e+06 211794 2450695 1981826 10 distribution_desempenho-10-7100.txt
7200 2.15586e+06 215586 2369105 2028931 10 distribution_desempenho-10-7200.txt
7300 2.34129e+06 234129 3101789 2078489 10 distribution_desempenho-10-7300.txt
7400 2.22215e+06 222215 2533706 2089552 10 distribution_desempenho-10-7400.txt
7500 2.25655e+06 225655 2701644 2103067 10 distribution_desempenho-10-7500.txt
7600 2.31286e+06 231286 2631162 2165977 10 distribution_desempenho-10-7600.txt
7700 2.30366e+06 230366 2434887 2150470 10 distribution_desempenho-10-7700.txt
7800 2.35581e+06 235581 2660224 2235449 10 distribution_desempenho-10-7800.txt
7900 2.4766e+06 247660 3857662 2202130 10 distribution_desempenho-10-7900.txt
8000 2.5168e+06 251680 3588694 2240541 10 distribution_desempenho-10-8000.txt
8100 2.48486e+06 248486 2965260 2275534 10 distribution_desempenho-10-8100.txt
8200 2.45396e+06 245396 2892480 2302171 10 distribution_desempenho-10-8200.txt
8300 2.50843e+06 250843 2918270 2338003 10 distribution_desempenho-10-8300.txt
8400 2512329 251233 3007725 2345904 10 distribution_desempenho-10-8400.txt
8500 2.58866e+06 258866 2828861 2422727 10 distribution_desempenho-10-8500.txt
8600 2.65463e+06 265463 3386782 2449447 10 distribution_desempenho-10-8600.txt
8700 2.68004e+06 268004 3108847 2472985 10 distribution_desempenho-10-8700.txt
8800 2.60013e+06 260013 2792763 2481560 10 distribution_desempenho-10-8800.txt
8900 2.7398e+06 273980 3065224 2507225 10 distribution_desempenho-10-8900.txt
9000 2731348 273135 2960871 2539323 10 distribution_desempenho-10-9000.txt
9100 2.88339e+06 288339 3724522 2618732 10 distribution_desempenho-10-9100.txt
9200 3.04277e+06 304277 3591722 2742988 10 distribution_desempenho-10-9200.txt
9300 2.86391e+06 286391 3198675 2636955 10 distribution_desempenho-10-9300.txt
9400 2.78691e+06 278691 2873267 2689136 10 distribution_desempenho-10-9400.txt
9500 2975189 297519 3808539 2693853 10 distribution_desempenho-10-9500.txt
9600 3.06082e+06 306082 3840613 2789070 10 distribution_desempenho-10-9600.txt
9700 3.19269e+06 319269 4305133 2948121 10 distribution_desempenho-10-9700.txt
9800 2.95693e+06 295693 3082956 2783006 10 distribution_desempenho-10-9800.txt
9900 2.9484e+06 294840 3179558 2816052 10 distribution_desempenho-10-9900.txt
10000 2.96804e+06 296804 3095645 2855733 10 distribution_desempenho-10-10000.txt
