1000 3.02615e+07 3026150 31227869 29309826 10 quickW_desempenho-10-1000.txt
1100 3.6457e+07 3645700 37039852 35914061 10 quickW_desempenho-10-1100.txt
1200 4.30165e+07 4301650 43982666 42301460 10 quickW_desempenho-10-1200.txt
1300 5.06558e+07 5065580 51586036 49455571 10 quickW_desempenho-10-1300.txt
1400 5.86e+07 5860000 59470686 57695211 10 quickW_desempenho-10-1400.txt
1500 6.79367e+07 6793670 69970516 66463323 10 quickW_desempenho-10-1500.txt
1600 7.64238e+07 7642380 78328617 75409789 10 quickW_desempenho-10-1600.txt
1700 8.67827e+07 8678270 87549335 85599823 10 quickW_desempenho-10-1700.txt
1800 9.74824e+07 9748240 99065946 95916645 10 quickW_desempenho-10-1800.txt
1900 1.08713e+08 10871300 112673867 106697343 10 quickW_desempenho-10-1900.txt
2000 1.2122e+08 12122000 124868732 118629409 10 quickW_desempenho-10-2000.txt
2100 1.33445e+08 13344500 140853786 130559715 10 quickW_desempenho-10-2100.txt
2200 1.47618e+08 14761800 157600721 143891342 10 quickW_desempenho-10-2200.txt
2300 1.60018e+08 16001800 163433001 157122807 10 quickW_desempenho-10-2300.txt
2400 1.72771e+08 17277100 175878625 169354463 10 quickW_desempenho-10-2400.txt
2500 1.87121e+08 18712100 189529702 185120487 10 quickW_desempenho-10-2500.txt
2600 2.02749e+08 20274900 207816881 200903943 10 quickW_desempenho-10-2600.txt
2700 2.19759e+08 21975900 227045646 216520485 10 quickW_desempenho-10-2700.txt
2800 2.36371e+08 23637100 241685462 232611258 10 quickW_desempenho-10-2800.txt
2900 2.53269e+08 25326900 257912064 249724328 10 quickW_desempenho-10-2900.txt
3000 2.70157e+08 27015700 272035046 266689041 10 quickW_desempenho-10-3000.txt
3100 2.89012e+08 28901200 293423081 286861302 10 quickW_desempenho-10-3100.txt
3200 3.09518e+08 30951800 315875477 306944275 10 quickW_desempenho-10-3200.txt
3300 3.2841e+08 32841000 334489266 324402604 10 quickW_desempenho-10-3300.txt
3400 3.47098e+08 34709800 350190450 340525134 10 quickW_desempenho-10-3400.txt
3500 3.68918e+08 36891800 374428673 364516949 10 quickW_desempenho-10-3500.txt
3600 3.91647e+08 39164700 397984367 384912257 10 quickW_desempenho-10-3600.txt
3700 4.12502e+08 41250200 415420831 407786195 10 quickW_desempenho-10-3700.txt
3800 4.35848e+08 43584800 444918480 430317548 10 quickW_desempenho-10-3800.txt
3900 4.57231e+08 45723100 460167495 454511526 10 quickW_desempenho-10-3900.txt
4000 4.84477e+08 48447700 493398389 478658040 10 quickW_desempenho-10-4000.txt
4100 5.07938e+08 50793800 523565734 501150012 10 quickW_desempenho-10-4100.txt
4200 5.31689e+08 53168900 536951532 527160631 10 quickW_desempenho-10-4200.txt
4300 5.58554e+08 55855400 567389760 555639455 10 quickW_desempenho-10-4300.txt
4400 584770450 58477045 599664016 579210056 10 quickW_desempenho-10-4400.txt
4500 6.15153e+08 61515300 627558964 605960764 10 quickW_desempenho-10-4500.txt
4600 6.37975e+08 63797500 643597890 632019642 10 quickW_desempenho-10-4600.txt
4700 6.67099e+08 66709900 688862277 660203131 10 quickW_desempenho-10-4700.txt
4800 6.99097e+08 69909700 735298732 688430016 10 quickW_desempenho-10-4800.txt
4900 7.19721e+08 71972100 726037759 715515240 10 quickW_desempenho-10-4900.txt
5000 7.54992e+08 75499200 771581255 746326698 10 quickW_desempenho-10-5000.txt
5100 8.17036e+08 81703600 911809893 779949008 10 quickW_desempenho-10-5100.txt
5200 8.24894e+08 82489400 846368138 811877383 10 quickW_desempenho-10-5200.txt
5300 8.48151e+08 84815100 865708711 840084027 10 quickW_desempenho-10-5300.txt
5400 8.79572e+08 87957200 890585989 872775134 10 quickW_desempenho-10-5400.txt
5500 9.11551e+08 91155100 917465419 904726058 10 quickW_desempenho-10-5500.txt
5600 9.38639e+08 93863900 943200959 932798490 10 quickW_desempenho-10-5600.txt
5700 1.01001e+09 101001000 987300861 1060164237 10 quickW_desempenho-10-5700.txt
5800 1.02177e+09 102177000 1046643958 1003961780 10 quickW_desempenho-10-5800.txt
5900 1055419652 1.05542e+08 1072062913 1047360761 10 quickW_desempenho-10-5900.txt
6000 1.08789e+09 108789000 1103275145 1074827386 10 quickW_desempenho-10-6000.txt
6100 1.12249e+09 112249000 1128377039 1113035799 10 quickW_desempenho-10-6100.txt
6200 1158222232 1.15822e+08 1194086003 1146290058 10 quickW_desempenho-10-6200.txt
6300 1.1958e+09 119580000 1208839879 1187228222 10 quickW_desempenho-10-6300.txt
6400 1240544342 1.24054e+08 1255716466 1233478601 10 quickW_desempenho-10-6400.txt
6500 1.27661e+09 127661000 1291063359 1265823095 10 quickW_desempenho-10-6500.txt
6600 1.31472e+09 131472000 1321249875 1307427822 10 quickW_desempenho-10-6600.txt
6700 1.35974e+09 135974000 1372584571 1342130142 10 quickW_desempenho-10-6700.txt
6800 1.40255e+09 140255000 1420526815 1389367220 10 quickW_desempenho-10-6800.txt
6900 1.44149e+09 144149000 1452131383 1428294029 10 quickW_desempenho-10-6900.txt
7000 1.47639e+09 147639000 1480530195 1464621300 10 quickW_desempenho-10-7000.txt
7100 1.52563e+09 152563000 1602115356 1508184530 10 quickW_desempenho-10-7100.txt
7200 1.57359e+09 157359000 1590238581 1559892250 10 quickW_desempenho-10-7200.txt
7300 1.6007e+09 160070000 1623556472 1587927509 10 quickW_desempenho-10-7300.txt
7400 1.64185e+09 164185000 1655336557 1636371385 10 quickW_desempenho-10-7400.txt
7500 1708277336 1.70828e+08 1793021752 1679691371 10 quickW_desempenho-10-7500.txt
7600 1.74202e+09 174202000 1754169351 1730190627 10 quickW_desempenho-10-7600.txt
7700 1.79258e+09 179258000 1807463617 1782697127 10 quickW_desempenho-10-7700.txt
7800 1.83636e+09 183636000 1851589888 1816115094 10 quickW_desempenho-10-7800.txt
7900 1.88537e+09 188537000 1908005804 1871978509 10 quickW_desempenho-10-7900.txt
8000 1.93492e+09 193492000 1953044065 1917059531 10 quickW_desempenho-10-8000.txt
8100 1991001025 1.991e+08 2041445068 1969337170 10 quickW_desempenho-10-8100.txt
8200 2.04215e+09 204215000 2064251175 2029076767 10 quickW_desempenho-10-8200.txt
8300 2.08155e+09 208155000 2092780454 2072614206 10 quickW_desempenho-10-8300.txt
8400 2.13775e+09 213775000 2158138220 2115772029 10 quickW_desempenho-10-8400.txt
8500 2.1715e+09 217150000 2193620627 2156552632 10 quickW_desempenho-10-8500.txt
8600 2.21667e+09 221667000 2222400050 2209116291 10 quickW_desempenho-10-8600.txt
8700 2275626444 2.27563e+08 2297763566 2264253899 10 quickW_desempenho-10-8700.txt
8800 2.32414e+09 232414000 2360117101 2305360308 10 quickW_desempenho-10-8800.txt
8900 2.38163e+09 238163000 2399523438 2372891974 10 quickW_desempenho-10-8900.txt
9000 2.51258e+09 251258000 2625628824 2430319848 10 quickW_desempenho-10-9000.txt
9100 2.506e+09 250600000 2514991193 2495714138 10 quickW_desempenho-10-9100.txt
9200 2.5626e+09 256260000 2592901200 2544882989 10 quickW_desempenho-10-9200.txt
9300 2.60478e+09 260478000 2623371688 2586737977 10 quickW_desempenho-10-9300.txt
9400 2.6752e+09 267520000 2709843941 2648818962 10 quickW_desempenho-10-9400.txt
9500 2.71132e+09 271132000 2725168431 2702087034 10 quickW_desempenho-10-9500.txt
9600 2.7744e+09 277440000 2820464137 2754731917 10 quickW_desempenho-10-9600.txt
9700 2.85015e+09 285015000 2874583139 2825211994 10 quickW_desempenho-10-9700.txt
9800 2.903e+09 290300000 2910119534 2897301209 10 quickW_desempenho-10-9800.txt
9900 2.95762e+09 295762000 2975852351 2937247467 10 quickW_desempenho-10-9900.txt
10000 3.02461e+09 302461000 3050425575 3009274931 10 quickW_desempenho-10-10000.txt
