1000 882442 88244.2 848671 1352752 10 quickM_desempenho-10-1000.txt
1100 798596 79859.6 919327 741870 10 quickM_desempenho-10-1100.txt
1200 836041 83604.1 915727 768118 10 quickM_desempenho-10-1200.txt
1300 1.01579e+06 101579 980392 1054049 10 quickM_desempenho-10-1300.txt
1400 1.08161e+06 108161 978889 1000732 10 quickM_desempenho-10-1400.txt
1500 1.19296e+06 119296 1501924 1069115 10 quickM_desempenho-10-1500.txt
1600 1.26014e+06 126014 1741050 1087340 10 quickM_desempenho-10-1600.txt
1700 1.30439e+06 130439 1540224 1195845 10 quickM_desempenho-10-1700.txt
1800 1.41953e+06 141953 1917616 1235119 10 quickM_desempenho-10-1800.txt
1900 1.477e+06 147700 1610762 1357694 10 quickM_desempenho-10-1900.txt
2000 1.52424e+06 152424 1621827 1429013 10 quickM_desempenho-10-2000.txt
2100 1.6645e+06 166450 1806030 1490931 10 quickM_desempenho-10-2100.txt
2200 1820572 182057 2219351 1593963 10 quickM_desempenho-10-2200.txt
2300 1.90801e+06 190801 2135836 1704569 10 quickM_desempenho-10-2300.txt
2400 1.94154e+06 194154 2634613 1767855 10 quickM_desempenho-10-2400.txt
2500 1.99879e+06 199879 2201335 1827403 10 quickM_desempenho-10-2500.txt
2600 2.13294e+06 213294 2317619 1946776 10 quickM_desempenho-10-2600.txt
2700 2.24349e+06 224349 2507249 2012454 10 quickM_desempenho-10-2700.txt
2800 2.33118e+06 233118 2615305 2127519 10 quickM_desempenho-10-2800.txt
2900 2.38285e+06 238285 2955631 2073614 10 quickM_desempenho-10-2900.txt
3000 2.53952e+06 253952 2975634 2319986 10 quickM_desempenho-10-3000.txt
3100 2.6106e+06 261060 3014912 2392538 10 quickM_desempenho-10-3100.txt
3200 2.64229e+06 264229 3121578 2426234 10 quickM_desempenho-10-3200.txt
3300 2.73031e+06 273031 3226943 2472473 10 quickM_desempenho-10-3300.txt
3400 2.89511e+06 289511 3513689 2581180 10 quickM_desempenho-10-3400.txt
3500 3.12466e+06 312466 4388453 2711237 10 quickM_desempenho-10-3500.txt
3600 2.9907e+06 299070 3240348 2740693 10 quickM_desempenho-10-3600.txt
3700 3.05943e+06 305943 3347703 2836409 10 quickM_desempenho-10-3700.txt
3800 3.14376e+06 314376 3610431 2899881 10 quickM_desempenho-10-3800.txt
3900 3.65615e+06 365615 4974070 2995627 10 quickM_desempenho-10-3900.txt
4000 3.38377e+06 338377 3784750 3184754 10 quickM_desempenho-10-4000.txt
4100 3.44147e+06 344147 3841086 3156731 10 quickM_desempenho-10-4100.txt
4200 3.62314e+06 362314 3885823 3351463 10 quickM_desempenho-10-4200.txt
4300 3.72289e+06 372289 4042103 3431804 10 quickM_desempenho-10-4300.txt
4400 3.88127e+06 388127 4213717 3551032 10 quickM_desempenho-10-4400.txt
4500 3.80294e+06 380294 4180317 3532844 10 quickM_desempenho-10-4500.txt
4600 3.88989e+06 388989 4302394 3653703 10 quickM_desempenho-10-4600.txt
4700 4.35139e+06 435139 5339375 3958623 10 quickM_desempenho-10-4700.txt
4800 4.28935e+06 428935 5041609 4019152 10 quickM_desempenho-10-4800.txt
4900 4.1879e+06 418790 4478122 4013263 10 quickM_desempenho-10-4900.txt
5000 4.63579e+06 463579 5002076 4102216 10 quickM_desempenho-10-5000.txt
5100 4.39425e+06 439425 4748113 4164033 10 quickM_desempenho-10-5100.txt
5200 4.58539e+06 458539 5027748 4238906 10 quickM_desempenho-10-5200.txt
5300 4.5393e+06 453930 4759762 4314098 10 quickM_desempenho-10-5300.txt
5400 4.81382e+06 481382 5431601 4309077 10 quickM_desempenho-10-5400.txt
5500 4.79388e+06 479388 5482132 4341384 10 quickM_desempenho-10-5500.txt
5600 5.00497e+06 500497 5463226 4707150 10 quickM_desempenho-10-5600.txt
5700 5.17273e+06 517273 5724205 4831686 10 quickM_desempenho-10-5700.txt
5800 5.50685e+06 550685 6649545 4660244 10 quickM_desempenho-10-5800.txt
5900 5.09507e+06 509507 5356371 4807840 10 quickM_desempenho-10-5900.txt
6000 5.5912e+06 559120 7545839 4826489 10 quickM_desempenho-10-6000.txt
6100 5.48507e+06 548507 6454015 4994883 10 quickM_desempenho-10-6100.txt
6200 5.44593e+06 544593 6240629 5115090 10 quickM_desempenho-10-6200.txt
6300 5.67921e+06 567921 6089357 5320317 10 quickM_desempenho-10-6300.txt
6400 5.94644e+06 594644 6578132 5503821 10 quickM_desempenho-10-6400.txt
6500 6.27394e+06 627394 7517525 5770711 10 quickM_desempenho-10-6500.txt
6600 6.08828e+06 608828 6810861 5358583 10 quickM_desempenho-10-6600.txt
6700 5.93158e+06 593158 6533838 5375695 10 quickM_desempenho-10-6700.txt
6800 6.05e+06 605000 6900451 5551996 10 quickM_desempenho-10-6800.txt
6900 6.35098e+06 635098 6840291 5852221 10 quickM_desempenho-10-6900.txt
7000 6.25447e+06 625447 6737325 6005952 10 quickM_desempenho-10-7000.txt
7100 6.27021e+06 627021 7032557 5781269 10 quickM_desempenho-10-7100.txt
7200 6.3419e+06 634190 6802215 6023530 10 quickM_desempenho-10-7200.txt
7300 6.67342e+06 667342 7676123 6003937 10 quickM_desempenho-10-7300.txt
7400 6612124 661212 7222389 6091443 10 quickM_desempenho-10-7400.txt
7500 7.01851e+06 701851 8316537 6371673 10 quickM_desempenho-10-7500.txt
7600 6.79816e+06 679816 7098925 6363590 10 quickM_desempenho-10-7600.txt
7700 7.06808e+06 706808 7439303 6583783 10 quickM_desempenho-10-7700.txt
7800 7.08004e+06 708004 7509861 6531199 10 quickM_desempenho-10-7800.txt
7900 7.39476e+06 739476 8370479 6973546 10 quickM_desempenho-10-7900.txt
8000 7458139 745814 8441638 7092491 10 quickM_desempenho-10-8000.txt
8100 7583609 758361 8610505 6920804 10 quickM_desempenho-10-8100.txt
8200 7.55085e+06 755085 8477036 6871889 10 quickM_desempenho-10-8200.txt
8300 7.49648e+06 749648 8211317 7071225 10 quickM_desempenho-10-8300.txt
8400 7.79241e+06 779241 8625543 7325635 10 quickM_desempenho-10-8400.txt
8500 7.73174e+06 773174 8759464 7202214 10 quickM_desempenho-10-8500.txt
8600 8.01111e+06 801111 8967739 7312062 10 quickM_desempenho-10-8600.txt
8700 7.96315e+06 796315 8407516 7441071 10 quickM_desempenho-10-8700.txt
8800 8.05277e+06 805277 8835130 7594554 10 quickM_desempenho-10-8800.txt
8900 8.00181e+06 800181 8214979 7724722 10 quickM_desempenho-10-8900.txt
9000 8431285 843128 9761728 7729565 10 quickM_desempenho-10-9000.txt
9100 8.45729e+06 845729 9178224 8030051 10 quickM_desempenho-10-9100.txt
9200 8.62328e+06 862328 9459523 7893895 10 quickM_desempenho-10-9200.txt
9300 8.72272e+06 872272 9323229 7733020 10 quickM_desempenho-10-9300.txt
9400 8.79781e+06 879781 9537875 8505397 10 quickM_desempenho-10-9400.txt
9500 8822228 882223 9415598 8260182 10 quickM_desempenho-10-9500.txt
9600 8.86976e+06 886976 9051956 8311688 10 quickM_desempenho-10-9600.txt
9700 9.03817e+06 903817 9773611 8457090 10 quickM_desempenho-10-9700.txt
9800 9.19794e+06 919794 9914659 10004211 10 quickM_desempenho-10-9800.txt
9900 9.14021e+06 914021 9571854 8923547 10 quickM_desempenho-10-9900.txt
10000 9.46935e+06 946935 9726703 11047370 10 quickM_desempenho-10-10000.txt
